6

2

0.50483,0.49517
 
0.68739 0.30032
-0.15155 0.087501
-0.074093 -0.026884
0.32723 -0.30346
-0.4559 -0.068987
0.056732 0.035379
     
0.070033 -0.023628 -0.0038502 0.085872 -0.044389 -0.0083373
-0.023628 0.23856 0.0027541 0.044694 0.18477 0.0052117
-0.0038502 0.0027541 0.0012548 -0.0025043 0.0031148 0.00018094
0.085872 0.044694 -0.0025043 0.17016 -0.0090258 -0.017078
-0.044389 0.18477 0.0031148 -0.0090258 0.16814 0.0080486
-0.0083373 0.0052117 0.00018094 -0.017078 0.0080486 0.0039125
     
0.033988 -0.034131 0.0016752 -0.018703 -0.017949 -0.0015692
-0.034131 0.044435 -0.0014251 0.019381 0.018476 0.0028174
0.0016752 -0.0014251 0.0015865 0.00087748 0.0011091 0.00018107
-0.018703 0.019381 0.00087748 0.015806 0.014992 0.00088417
-0.017949 0.018476 0.0011091 0.014992 0.015072 0.00054562
-0.0015692 0.0028174 0.00018107 0.00088417 0.00054562 0.00092365
