6

2

0.51391 0.48609
 
0.38628 -0.33087
0.43465 0.084579
-0.026536 -0.0045859
0.75998 0.34363
0.1037 -0.098428
-0.041955 0.011702
     
0.14943 0.01606 -0.023596 0.085908 -0.028681 -0.0016312
0.01606 0.11702 -0.015776 0.025445 0.13942 -0.0010116
-0.023596 -0.015776 0.0082623 -0.014065 -0.01394 0.00029133
0.085908 0.025445 -0.014065 0.063592 0.0078027 -0.00046247
-0.028681 0.13942 -0.01394 0.0078027 0.20209 -0.0014552
-0.0016312 -0.0010116 0.00029133 -0.00046247 -0.0014552 0.00065549
     
0.0012688 0.00030066 0.00049356 -0.00016075 -0.0012238 -0.00012487
0.00030066 0.00043921 0.00035529 0.00070496 0.0009415 -6.9904e-05
0.00049356 0.00035529 0.00060998 -7.779e-05 -0.00051094 7.4318e-05
-0.00016075 0.00070496 -7.779e-05 0.011946 0.0062606 0.0012103
-0.0012238 0.0009415 -0.00051094 0.0062606 0.012975 -0.00076675
-0.00012487 -6.9904e-05 7.4318e-05 0.0012103 -0.00076675 0.0009934
