6

2

0.44365,0.55635
 
-0.0054391 0.71891
0.33537 0.11864
0.0027951 -0.015611
0.031044 0.6981
-0.34962 -0.3293
0.016217 0.028672
     
0.00057309 -5.2666e-05 0.00032569 0.00057727 -7.8915e-06 0.0004715
-5.2666e-05 0.00017041 -7.5559e-06 -4.2928e-05 -7.5989e-05 -0.00011619
0.00032569 -7.5559e-06 0.00046177 0.00028989 -0.00010517 0.0006437
0.00057727 -4.2928e-05 0.00028989 0.0008469 5.6455e-05 0.0003946
-7.8915e-06 -7.5989e-05 -0.00010517 5.6455e-05 0.00028791 2.4585e-05
0.0004715 -0.00011619 0.0006437 0.0003946 2.4585e-05 0.0014273
     
0.16339 -0.094576 -0.024499 0.11937 -0.068216 -0.014981
-0.094576 0.46504 0.0090195 0.093281 0.40724 0.0050765
-0.024499 0.0090195 0.0078651 -0.02491 -0.0017612 0.0049712
0.11937 0.093281 -0.02491 0.17926 0.10481 -0.015713
-0.068216 0.40724 -0.0017612 0.10481 0.39585 -0.0025086
-0.014981 0.0050765 0.0049712 -0.015713 -0.0025086 0.0040992
